71 197
67 157
78 193
70 153
72 228
80 212
79 170
79 218
79 223
79 220
73 151
77 215
78 182
68 225
74 203
75 208
72 177
70 199
78 167
68 233
77 171
76 249
80 160
77 219
77 150
69 206
77 213
76 248
73 216
73 195
66 163
68 197
71 192
75 188
74 216
80 207
80 185
73 188
79 246
79 181
71 236
73 208
74 166
80 204
78 209
71 230
77 231
70 208
75 197
67 195
79 217
79 239
70 174
78 156
72 247
75 217
70 237
71 157
67 207
72 236
80 225
80 170
77 200
72 165
74 211
69 175
75 247
67 229
72 210
78 237
73 201
78 247
80 221
67 241
77 199
72 211
77 246
78 155
70 200
68 164
72 175
66 243
77 237
72 215
75 198
72 179
70 180
68 227
78 208
77 197
77 157
73 205
67 176
67 211
70 177
76 155
78 188
76 155
80 191
71 202
78 160
69 247
77 166
71 186
76 241
80 163
68 191
73 184
68 175
68 181
67 186
73 192
70 225
71 211
77 174
78 214
74 200
77 166
75 180
78 195
71 157
77 191
67 213
79 181
68 200
68 200
80 164
66 238
79 213
70 201
66 169
67 210
68 159
79 162
80 231
70 190
67 163
76 207
66 153
70 205
69 225
75 150
78 159
78 233
72 198
80 192
77 189
78 208
68 224
77 227
75 193
75 195
70 207
79 204
69 186
71 154
79 183
79 209
78 195
80 188
66 176
77 246
66 175
78 241
71 160
75 206
74 186
80 209
76 189
73 189
69 214
73 194
68 230
67 230
70 227
70 210
67 230
74 177
72 212
75 154
77 216
66 211
77 180
78 179
79 233
73 204
71 192
67 168
78 161
68 231
74 175
76 201
70 199
74 195
78 151
74 159
80 246
68 223
70 199
70 238
